LAYERS: 6

DEPTH: 0

NEURONS: 4

BIASES:
0.000000 0.000000 0.000000 0.000000 

WEIGHTS: 4 4
-0.190920 0.798536 -0.278940 0.970348 
-0.103131 0.007544 -0.564746 0.486293 
-0.601591 -0.706097 0.688434 0.376411 
-0.213491 -0.904893 -0.864210 -0.062306 

METHOD: none

DEPTH: 1

NEURONS: 8

BIASES:
0.000000 0.000000 0.000000 0.000000 0.000000 0.000000 0.000000 0.000000 

WEIGHTS: 4 8
-0.037671 -0.269655 -0.086547 0.405293 0.182627 0.227347 -0.086122 0.349331 
0.704208 0.060958 -0.020431 0.384091 -0.780197 -0.380025 0.254224 0.137957 
0.212533 -0.889725 -0.103997 0.498743 -0.815279 0.565790 0.002167 -0.361920 
0.040549 0.010215 0.188970 -0.785627 -0.920504 0.625756 0.700386 -0.688340 

METHOD: relu

DEPTH: 2

NEURONS: 12

BIASES:
0.000000 0.000000 0.000000 0.000000 0.000000 0.000000 0.000000 0.000000 0.000000 0.000000 0.000000 0.000000 

WEIGHTS: 8 12
-0.157835 -0.557946 -0.267460 -0.055045 0.969373 -0.798107 -0.981802 0.098582 -0.270832 0.540595 0.867744 0.207601 
0.850613 0.478727 -0.753560 -0.412190 0.958155 0.719963 0.235097 -0.854414 0.532722 0.722538 0.663663 -0.170578 
0.352209 0.013995 -0.875059 0.480679 -0.859559 0.710039 -0.074872 -0.834932 0.114663 0.522491 -0.602892 -0.902635 
0.572509 0.847346 0.959887 -0.705715 -0.119056 0.064711 -0.115386 -0.175651 -0.850193 0.773295 -0.206429 0.471946 
-0.088429 -0.137182 -0.133585 0.725767 0.420639 -0.767299 -0.074172 -0.735655 -0.744113 0.494296 -0.825565 0.600435 
0.462484 -0.487263 0.690731 -0.881240 -0.276835 0.771758 -0.489229 -0.228987 0.820631 -0.367353 0.062015 0.489646 
-0.417276 -0.938281 0.585643 -0.394055 -0.294031 0.110156 -0.335094 0.392281 -0.987501 -0.261464 -0.335646 0.705664 
0.825024 -0.954555 0.780293 -0.432068 0.862692 -0.034759 0.870782 -0.766282 -0.542220 0.512495 0.273016 -0.670397 

METHOD: relu

DEPTH: 3

NEURONS: 12

BIASES:
0.000000 0.000000 0.000000 0.000000 0.000000 0.000000 0.000000 0.000000 0.000000 0.000000 0.000000 0.000000 

WEIGHTS: 12 12
0.022368 -0.179673 -0.520590 0.278255 -0.359042 -0.508091 0.736035 -0.818447 -0.785553 0.258526 0.954848 0.708743 
0.891173 -0.306617 0.221238 0.758917 -0.642953 0.618346 -0.447512 -0.468519 -0.319639 0.216842 0.804498 0.887962 
-0.953737 0.901863 0.359908 0.646698 0.391508 0.065572 0.976301 -0.586124 0.885898 -0.544290 0.692131 -0.473144 
-0.052381 0.428166 -0.291591 0.162066 -0.313308 -0.336743 -0.129191 -0.422135 0.356640 -0.907953 -0.663219 0.713687 
0.710394 -0.110731 -0.754832 -0.609245 -0.893889 -0.950334 -0.721284 -0.847625 0.951528 0.638624 0.799073 0.343037 
-0.295804 0.775374 0.756912 -0.409906 -0.768916 0.449043 0.116951 0.178703 -0.122791 0.825360 -0.659230 0.563901 
-0.511384 0.211579 -0.858234 0.845256 0.303626 -0.521452 0.558943 0.014020 0.367817 0.804111 0.404775 0.473929 
0.853777 0.683491 0.626303 0.805306 0.322115 0.425376 0.148342 -0.973689 0.200750 -0.094745 -0.383595 0.431834 
-0.645702 0.733355 -0.389462 0.231507 0.558715 -0.048693 -0.204591 -0.952669 -0.837114 -0.062825 0.892587 0.466512 
0.415723 0.451530 -0.519468 -0.216460 0.255641 0.885307 -0.742531 0.109419 0.568798 0.883772 -0.085276 -0.109087 
0.309149 -0.936934 -0.082777 -0.490101 -0.031679 0.533628 0.941733 0.322619 0.266983 -0.447729 -0.445873 -0.174302 
0.503578 0.349536 -0.126971 0.666464 -0.713289 -0.234384 0.132977 0.702434 -0.782853 0.613509 -0.514026 0.472788 

METHOD: relu

DEPTH: 4

NEURONS: 8

BIASES:
0.000000 0.000000 0.000000 0.000000 0.000000 0.000000 0.000000 0.000000 

WEIGHTS: 12 8
0.498816 -0.590623 -0.859296 0.909776 -0.745906 -0.976533 -0.883256 0.419516 
-0.256557 -0.612005 0.243284 0.381748 -0.154706 -0.450424 -0.659938 -0.498117 
-0.417793 0.850938 0.743744 0.536739 0.755104 -0.678904 -0.949564 0.820432 
0.067613 0.676361 -0.642149 0.469773 -0.991306 -0.003372 -0.512261 -0.471789 
-0.372785 -0.059735 -0.143207 -0.742503 -0.779618 -0.037579 -0.810909 -0.704368 
0.496931 -0.594936 -0.770282 0.983001 0.865411 0.744318 -0.606329 -0.460631 
0.958526 -0.497941 0.830639 0.998092 -0.949995 -0.402996 0.799000 -0.506301 
0.936363 -0.556157 -0.644392 -0.333126 -0.638914 -0.127803 -0.556815 -0.680900 
0.559997 0.754600 -0.026839 -0.629004 0.108695 0.126065 0.238964 0.088945 
-0.124251 0.375088 -0.587155 0.849029 0.793749 -0.866257 0.554105 -0.185205 
-0.553738 -0.889693 0.423222 -0.656765 -0.281063 -0.658029 -0.548121 0.315728 
-0.471682 -0.958689 0.600376 0.311261 0.965488 0.383562 0.459346 -0.948634 

METHOD: relu

DEPTH: 5

NEURONS: 4

BIASES:
0.000000 0.000000 0.000000 0.000000 

WEIGHTS: 8 4
-0.440888 0.605596 -0.995937 -0.429043 
0.912732 0.119175 -0.310248 -0.554511 
-0.076436 -0.349042 -0.788844 0.806367 
0.685177 0.794688 0.423579 0.659901 
-0.953525 0.512846 0.191635 0.260283 
0.265534 -0.550042 -0.968412 0.122094 
0.068739 -0.762127 0.951790 0.711267 
-0.836782 -0.248190 0.487267 0.819396 

METHOD: softmax

